0 113 79 30 54 64 76 9
113 0 100 87 46 45 35 125
79 100 0 47 11 70 21 71
30 87 47 0 35 44 68 80
54 46 11 35 0 40 72 56
64 45 70 44 40 0 62 71
76 35 21 68 72 62 0 31
9 125 71 80 56 71 31 0
